0.077260214491084
0.076623145145551
0.077146283240073
0.076592751280859
0.074747263358771
0.072674100366497
0.074679839007549
0.083175206227745
0.077887846154212
0.077447490321609
0.07723612075204
0.077955273517557
0.074822902678768
0.075181961483103
0.079788975173119
0.074824220463644
0.0749966457
0.07548594084428
0.075249618177843
0.071910069353119
0.072514658245792
0.070600095087728
0.062882736819792
0.075761353736805
0.08116824798181
0.067080177029885
0.062810684600744
0.062039747262416
0.060338140441996
0.077162182822918
0.04877768486396
0.084827891236087
0.056417590898325
0.067174294498012
0.057672289525551
0.092621913047887
0.093910413436886
0.09767013165217
0.08359990899864
0.078974093490986
0.084688048357839
0.080482593081577
0.077896446517262
0.08679451119541
0.082879073297078
0.077803258600349
0.073547012812652
0.081056129422229
0.078570630462775
0.076862732274727
0.082640580466287
0.074801240840101
0.075453603889396
0.0762253936469
0.071314961539914
0.072088576337412
0.078097476684054
0.079319126756968
0.085375214170104
0.074573501902902
0.074373409221391
0.076981321400412
0.079830524439239
0.080178077360724
0.075537954326657
0.077950238090108
0.076545162883883
0.077357176878188
0.076023537375357
0.074804036587178
0.077966789593108
0.075661568808442
0.076681011879239
0.07645195798359
0.077077486024951
0.072844764348734
0.07346829820292
0.081452632290287
0.079853287004481
0.077698756502045
0.075885870875815
0.076137253476161
0.077414820345829
0.073637893362193
0.079398736465879
0.081989887285434
0.07588029130101
0.079632288362062
0.076470870784783
0.074289416498856
0.072916513846519
0.06944210017031
0.069035129817575
0.071346839244771
0.077577719643407
0.066314684699113
0.05766459873159
0.078394122188929
0.074341376497159
0.059975692567721
0.06045991696137
0.084211911323197
0.067227813878206
0.062592967834649
0.063969184412978
0.089786922864345
0.0765641885756
0.070213628832942
0.079736468492462
0.077731116995847
0.07496671032261
0.066273876881341
0.082638873144191
0.080411584675163
0.091447273477578
0.088498778173473
0.078379064332767
0.078385761678723
0.081754029906088
0.077045956151974
0.076175433544662
0.075477261352595
0.076163555042674
0.076468163690484
0.075131336165096
0.074346209180163
0.076918646878386
0.072809252191902
0.058851731357198
0.077341675421185
0.075600254276245
0.071106663523713
0.054633372672296
0.076824118978477
0.072018756750125
0.073114490685193
0.076726431793596
0.073035593283625
0.066652619356355
0.067050081148487
0.078296013633668
0.078000002063963
0.079831373826602
0.078292498834447
0.077972145537482
0.073163617625638
0.070629261542109
0.080565936024533
0.082551515241862
0.082229420665605
0.082150348458134
0.076533104581996
0.079554390158158
0.079351199121456
0.075249201253798
0.079969481604488
0.078105374876944
0.080272876008347
0.072631164569985
0.077728410475581
0.075277149421468
0.080738206001095
0.076073208538561
0.07499141960355
0.078757739344164
0.077028608375322
0.072524350952915
0.072955187586853
0.070923995670754
0.070198417644456
0.081827220543274
0.078963689575573
0.063151768264869
0.061295226031414
0.071868322647561
0.088623871239153
0.079829976845885
0.071723487160055
0.077931597948668
0.079376160629216
0.075058626510499
0.057532967757274
0.072660834274565
0.067923558880598
0.07037340516502
0.08094459125028
0.073816676044184
0.063478451698436
0.068309724667124
0.062271819397989
0.053468642952919
0.066067210858601
0.084734362996059
0.054975674336349
0.051516771571167
0.058171719561207
0.04345147790431
0.061234609748057
0.049668137448048
0.07871150515853
0.069971562801397
0.051315665501852
0.057611460093073
0.091533381968308
0.091767924632233
0.10017842093017
0.097726003569656
0.082376441392627
0.084562197137407
0.08804644298372
0.083542994874023
0.079245334107793
0.066350763405307
0.083743867978856
0.078952475987999
0.072452887291195
0.052656762293806
0.089145346803866
0.078808089946073
0.07887519238214
0.076217544559867
0.075955140448317
0.075782067413866
0.065701781282039
0.078037468096914
0.080443405670383
0.081497076175696
0.081734817011458
0.073871178534665
0.078769623387388
0.078346128375441
0.076108897576048
0.075993850792563
0.077447883293738
0.078604668581173
0.076211034393417
0.07563406060175
0.07471774555837
0.075916289111926
0.076560467128212
0.078972788770133
0.078307722125062
0.074419639634617
0.074372337089357
0.076732887355643
0.077344854845623
0.078463941843217
0.077009948579424
0.078084649982574
0.07418732680469
--
0.076915995727196
0.077080538588577
0.076245213394203
0.076740591529401
0.0741369550655
0.071669147205841
0.071112967439659
0.070649444894779
0.066736175105341
0.073057065544429
0.079408803223372
0.069617165977928
0.064540588715948
0.065643959668892
0.094637726471854
0.089319950828193
0.084849120493276
0.081926051800517
0.079799696141795
0.078064179383082
0.077479905455481
0.077127164492955
0.074422170808815
0.070577821446642
0.090945687642892
0.074597404294055
0.073481916539367
0.069626668199247
0.068335457656944
0.068551077014148
0.069302550240465
0.083193686367738
0.067345466802003
0.06590472704149
0.065421823887401
0.092934104811591
0.088833985876435
0.087232872146749
0.08226952564278
0.078516428014528
0.073889467184077
0.073810674019725
0.07696117892924
0.075043549104145
0.072925981499225
0.07703879786282
0.071563443994538
0.069571767242496
0.063653148714952
0.089254043261072
0.083183056704972
0.080560024575729
0.080386611479278
0.076368722984067
0.072985971921975
0.070045495625815
0.079101791004194
0.075018932138702
0.07398004985732
0.077884757937808
0.071954306272067
0.071486739759853
0.070839613173655
0.078544525712077
0.075063186142645
0.07420317070397
0.080150580324851
0.074125664664852
0.0695595851559
0.067554685228614
0.090491124161007
0.087512075830823
0.084183755465852
0.084608006524731
0.081161823776411
0.079465536394362
0.079358864152989
0.076365035875378
0.074768455067482
0.075541810748528
0.076775649146231
0.073230762273697
0.072029713889177
0.072487418613263
0.080135715393829
0.076971437508209
0.078373911014047
0.071914377532757
0.078003389839203
0.07722970924021
0.072847241079291
0.072133920499992
0.075791769026629
0.072372605807232
0.076381243446241
0.068657058500291
0.069988456883511
0.066897026840278
0.064627947711135
0.064634005704281
0.071265308819055
0.076843201391685
0.068102118723387
0.066438429468464
0.064031636971845
0.091497241551745
0.086223181002429
0.072446681642066
0.076112482616025
0.072404733570603
0.069529303700888
0.064228442871989
0.087021643596567
0.08403714509735
0.082771531516625
0.080717046097869
0.076733365075324
0.077326961155619
0.075644959362759
0.077636033515229
0.074996833870729
0.074383634015301
0.074923890168296
0.073894647877172
0.071915335703028
0.07157486628675
0.07777054857088
0.076279017503938
0.074805466309335
0.077721195335113
0.073753388184478
0.069797303256821
0.065933485660996
0.084524042921036
0.078070245791811
0.079029346393895
0.081378329184329
0.075743317824401
0.072716327646531
0.075462733762013
0.078149399629479
0.081148186840674
0.076867876418528
0.076711097822206
0.075932921730314
0.074748651496333
0.071579442783616
0.079241482183436
0.079756347594895
0.07899439011349
0.077748944585646
0.07523713811186
0.075296000014604
0.076808424722764
0.074123590496646
0.075740919304872
0.076217961724399
0.076957777819266
0.07204981229258
0.07254674437937
0.0726808661667
0.084700828026256
0.083158837058046
0.080536590324109
0.079466010066275
0.076342723953687
0.073561418255422
0.073225265693254
0.085776419326673
0.077866837487756
0.072760057168822
0.078505616151817
0.075773924956036
0.074318528729017
0.061538919109417
0.074186992621251
0.074606778320724
0.07867618213402
0.078040346206926
0.070894663963734
0.076317233532702
0.072582786612345
0.077517241943266
0.07597618166633
0.075130780008123
0.076745445612531
0.073955620110075
0.072926170263942
0.071511197487866
0.07465037554124
0.068965603644078
0.062115452571855
0.085085121543975
0.072120952699687
0.06711518765735
0.064430517805132
0.070151153715903
0.063478816289379
0.059164590530973
0.093338305208899
0.07074185591457
0.065535938191353
0.063100010142748
0.088310608367479
0.081261127512224
0.078407066826514
0.076140245876232
0.079967139309211
0.073742723126785
0.073621748722998
0.071917119976582
0.067067738256402
0.057713740264722
0.075659638885412
0.068216698874585
0.06490672000237
0.051154625720833
0.10095914013967
0.082599127206882
0.089019262482243
0.084273501284874
0.077862292523793
0.074388931201761
0.071196200989774
0.075393864200299
0.071677958432664
0.077190810696358
0.07454704417252
0.070285580757332
0.069981603038717
0.069600540365974
0.07779560221817
0.073145679814242
0.076083816182337
0.081483233537327
0.074482083443212
0.06698706537194
0.069367172236254
0.088417759812841
0.081670826323174
0.074451015112796
0.082303926897094
0.068950478009714
0.080222410649203
0.069687639802821
0.085186872804172
0.076236946634912
0.075955447687585
0.073714446979419
0.072731151672361
--
0.075563528930211
0.076442340721572
0.076509893823036
0.078063302569974
0.073474728246846
0.072157059114263
0.07274841876587
0.066685324306132
0.074414927262401
0.073440625222121
0.079877810938724
0.066222288306363
0.063767698191246
0.068536718115245
0.091560222560181
0.083508221706438
0.076402337039181
0.076995526475521
0.079538708634148
0.078003662942283
0.075998569392938
0.079931631122484
0.075514255121075
0.07177093494506
0.070158650392501
0.07269614612607
0.082429793324526
0.071793716690297
0.06404683618317
0.076655094075067
0.069787034687794
0.072255482779253
0.066988461999765
0.07163930792993
0.06850918566899
0.090434481175553
0.082331928242756
0.086945766780162
0.079677026050469
0.072957014877518
0.068359760586694
0.075445677546229
0.084939458359696
0.080527883067313
0.080095677004801
0.078901584541873
0.078574475111553
0.078066087495259
0.077639618510145
0.073678699516717
0.074872411506421
0.071518751090824
0.077179109759689
0.069754059069306
0.06779478761366
0.06813185857545
0.084396918715077
0.082194112726069
0.080598417001017
0.07944331699389
0.077791502397626
0.077951021776511
0.078290377811423
0.075490371372514
0.075427413984479
0.075823539153079
0.076360595784015
0.070907002211653
0.070536452266923
0.073204976163819
0.067294603188393
0.061832855716083
0.069913001264592
0.075950708518889
0.067699824077983
0.058914348902506
0.067064202039191
0.091895540218711
0.087038268880462
0.086283664907521
0.08805530991718
0.077035664860183
0.068155004068648
0.072267969872571
0.079033204183671
0.075812670283736
0.079704379783136
0.080098541133891
0.072884431923601
0.068782322686457
0.076959909326464
0.067202270950648
0.062511621765075
0.062741721536428
0.08114646243981
0.064090968090654
0.060906728299867
0.061129646639616
0.06227658208555
0.066302148368504
0.055042253959206
0.083208352061084
0.065092575629399
0.062746997637646
0.072797594256665
0.092180551787794
0.091388347204661
0.089306552895999
0.087324440575754
0.082591839284517
0.084124080853139
0.080399211813109
0.0764737860314
0.07463983576461
0.078516725557939
0.079879984006604
0.074453000564103
0.072795261782022
0.073229448477437
0.072764772320335
0.072303882310437
0.069922729228235
0.078000613025731
0.069494080540381
0.065469903835757
0.071903887755277
0.08652857791019
0.08193880962276
0.078355153880496
0.077614559608883
0.076918038871438
0.076675561957754
0.076509470695383
0.079847971093722
0.079381768220863
0.079802474448408
0.078011072537879
0.077940124442147
0.076395414020199
0.07508745009317
0.074712024390474
0.075215643514621
0.074064774034218
0.076948949048211
0.072650928705978
0.072145001859864
0.068283129771188
0.079806377565778
0.078802310277553
0.079593875674616
0.080889722702707
0.078851664133015
0.077016004062396
0.076901335387547
0.077572576691334
0.07703222462565
0.074994577583198
0.076899716443445
0.075429174922148
0.074811355427519
0.068480420170051
0.090364180087763
0.08191212447393
0.080628430130335
0.07883342606442
0.080161333570476
0.078290773456054
0.081359454693359
0.073411958663062
0.077828936525266
0.070995738255256
0.07673867153891
0.070713738182773
0.07333660843285
0.060978798897442
0.071109127653342
0.072700858162201
0.081067585176357
0.077472224653552
0.066392439485962
0.071440147906011
0.073742786129609
0.082265878037724
0.077798809338786
0.074713540703183
0.076953675469846
0.076541306529729
0.076749615273838
0.073496418141269
0.07752440734617
0.076720572051359
0.068832351520198
0.074466771144344
0.074999504884713
0.071340589892241
0.067235561596647
0.072024844517926
0.0673918754982
0.066436748303362
0.08259437686989
0.071113273970435
0.065829244376093
0.062994061286224
0.088734696143741
0.083565713363183
0.083212532722502
0.078725545708255
0.078204304193069
0.071748862677152
0.076976354994477
0.086034407740034
0.081844609243721
0.079170742891382
0.080401213880739
0.079995975853589
0.072146755009233
0.070642130616548
0.086661464566
0.080710775487766
0.07479968583863
0.076902791874065
0.069509750215809
0.061892621380811
0.074346919747028
0.078117129908696
0.07630101304052
0.074959034869672
0.080606041660656
0.076335930332496
0.072849344357247
0.073080603099237
0.075964497064796
0.062501939761971
0.068295083274971
0.080654799971522
0.074008333281872
0.06013348397684
0.059663399256004
0.073982294924702
0.057700238667349
0.049595700929182
0.078868593383424
0.075894990301042
0.059339645917373
0.057465954100644
0.090441441217998
0.077608446281254
0.092530797849297
0.090603626540339
0.078155559517585
--
0.076410276403289
0.076366355774105
0.077367681964426
0.075988093045643
0.074292218595784
0.071195737588126
0.072443264347614
0.069252219589553
0.06811086328207
0.079997712615346
0.0784741468285
0.069005868746378
0.062415027102937
0.069498912343427
0.091540213332352
0.085951315103939
0.079139254398842
0.076055463578101
0.074826918079829
0.081671288828264
0.075459237602926
0.081331978007168
0.079641137392101
0.074341537279187
0.073932339791727
0.072652975625328
0.074368877885608
0.076367622618407
0.06732199557776
0.071212138370082
0.070743310001858
0.078702260972287
0.067706305294516
0.070195233445322
0.068065794685985
0.089076335778174
0.081242412484452
0.089161434968468
0.082739381246456
0.074156208925699
0.065717613538349
0.07915458727499
0.088531689039589
0.079726225547044
0.079630464227171
0.081037411275698
0.078824277786193
0.075740695048622
0.076806756827607
0.076793145449913
0.075064192746856
0.07367854587479
0.07540624470538
0.072401012642077
0.068817755246776
0.068979023310631
0.081726157060234
0.079112835969989
0.079469319280958
0.080431288433872
0.078286872054745
0.076284195650665
0.077632686304877
0.074700533215793
0.071303840986303
0.074069731579168
0.07827902542228
0.069858937112105
0.066410752484313
0.070561606198588
0.067327222626696
0.064225432997239
0.066356544005242
0.077552105967868
0.063930714178677
0.057959524990296
0.066889366419418
0.088190203496529
0.080889184988625
0.085906809025852
0.079830151656854
0.076337068271886
0.072737421137007
0.078679094608228
0.07658608972319
0.086855122343274
0.08187529555869
0.075181752569151
0.074420677787732
0.079317871075901
0.075962038467534
0.075000567292686
0.080643623701627
0.074286676145937
0.074510834796697
0.073835530627738
0.074094301338638
0.067574869312128
0.080470841227862
0.078397332175096
0.07508970407048
0.074553569077962
0.075187801187184
0.075994963870729
0.069111352937681
0.080926954273717
0.073861603266306
0.078111778429708
0.076811956102523
0.074590912231307
0.070957034557213
0.071663942597855
0.08343010521018
0.080608560209499
0.079891699227437
0.079447172020114
0.079459048420146
0.077591830203853
0.077262353299955
0.079322474537557
0.079298517386345
0.077049819625274
0.075832804764369
0.076399940460834
0.078198977714727
0.076960417482603
0.075591106889231
0.076405090607689
0.073151880656376
0.071161798761289
0.073066745529763
0.073567516915428
0.067847002881722
0.08339756263757
0.077959205753026
0.079132468202531
0.079764990581193
0.077595246056057
0.073491162527784
0.068979281923294
0.078906359439223
0.077145998868804
0.078566290579872
0.076163453530164
0.073935768206988
0.073052497995541
0.06778163344887
0.077449789240062
0.079214355169598
0.077797290933498
0.078615815297961
0.076630997135248
0.076954305401129
0.074743249867032
0.075470718848231
0.077179723389675
0.072164824578445
0.076115858438354
0.072124597572013
0.075273461832198
0.065354367139943
0.088585627747376
0.08192972071577
0.079529625512993
0.083568820116915
0.078887088489887
0.076050900559618
0.080980745761785
0.074699677513386
0.077157406383659
0.065814037892671
0.072292602626673
0.073442899042356
0.072246038638393
0.046437617640877
0.079050832288172
0.072916715693553
0.080730861015216
0.078051532871193
0.072267956947388
0.066475260958034
0.078250515941448
0.075815355180728
0.077109329084551
0.07301558064901
0.073280056903787
0.074082128703235
0.076736951426594
0.070016592767736
0.076587747505228
0.07534578964328
0.068079076699458
0.070498847610979
0.072450027508722
0.070027536765789
0.068056181934602
0.070324190390467
0.068214092263544
0.064559292895913
0.079735176520929
0.070782322838011
0.066704505451137
0.063986021627664
0.089193900199772
0.08176499368336
0.084925157890885
0.07872342424124
0.080152836109381
0.063618447632727
0.077824033786459
0.091109208900081
0.081643777079524
0.085298404436491
0.082163798492992
0.076899609801977
0.072428940663122
0.075864315767188
0.079571723669519
0.078269852973229
0.079560808616781
0.075993486350784
0.069883560074687
0.06882530959824
0.066338997747116
0.077741242753296
0.073727686304482
0.076674603387689
0.080663364510637
0.076052913163511
0.06853586399838
0.074139515526721
0.080489529045219
0.057295086928533
0.078240849255127
0.081310381864337
0.069961951689103
0.056760582361695
0.066325917488401
0.065811505631025
0.05491516065997
0.060178788833049
0.080762486471453
0.068319158137155
0.05315785026251
0.059498040795463
0.08671644737798
0.07981797720948
0.082231960511831
0.07474474875564
0.080915593222301
--
0.076932516821132
0.076116819258825
0.077958631663178
0.07690151144528
0.074660902837427
0.072208887256411
0.073189534769002
0.064865193495074
0.08272231197321
0.078589449036626
0.084897024115604
0.064508538214776
0.068831723880491
0.073384724162402
0.089339468314669
0.085366462124894
0.083289484086732
0.080186864562204
0.079486046075867
0.077636653390425
0.078406737181037
0.077967843437839
0.07500044263433
0.076402498045628
0.077061554553737
0.07548628077991
0.070839385004582
0.076797222221457
0.074832685424832
0.069376334830991
0.072028706293228
0.079515112036215
0.072927353920717
0.06532661827158
0.070082573968394
0.079205663037454
0.080646136892456
0.078002853190398
0.077675574347357
0.072835236840407
0.073808729367667
0.075638470033608
0.089184519300226
0.084883252015081
0.081261963850185
0.084293984347039
0.083725977522166
0.08059413158504
0.078639711602044
0.074369929978694
0.073954769298925
0.074443753849222
0.07559243975584
0.070922794536609
0.071445265342687
0.070885220957413
0.082000564841599
0.080293504917711
0.079769096796738
0.082299662994062
0.078473971813288
0.076021845447831
0.07632291304653
0.078202658971979
0.055874515726129
0.1045746959633
0.084666119643538
0.073998160768291
0.068475060085263
0.075052104087043
0.068463012671753
0.064079505124374
0.070572499173005
0.08267517416592
0.066528809398571
0.064682771905848
0.06983290485209
0.097964450505285
0.093610041083276
0.093629801385665
0.083520185451745
0.087497843994152
0.070692997098627
0.082576251418907
0.084078465823706
0.08030504563325
0.077940807781439
0.078288592283014
0.076321348956001
0.077057850745975
0.076368971766199
0.071908187001753
0.072142207918184
0.069763867239899
0.076067357820651
0.066003499610818
0.073543196679535
0.072483214221126
0.088927545066582
0.07807345365336
0.079368233167736
0.077071440750609
0.076190029604605
0.07439138777196
0.075141500482423
0.073419350320348
0.071183761992745
0.07556325173213
0.082814196640647
0.070158620391833
0.066658188414006
0.068373547168758
0.08883410307149
0.083397898310897
0.078362368005324
0.0849785072409
0.078531065472604
0.078053563387431
0.0754473805209
0.078229924737056
0.07823738792787
0.077011696254331
0.075252899733758
0.076373251769779
0.076328492390245
0.078519279327045
0.077558787252319
0.071733458170454
0.074120528329058
0.079455835103203
0.070830577025652
0.072663998322147
0.077189147702377
0.07925465556282
0.070867800416219
0.070538676819068
0.082578942231151
0.068823814896514
0.069392773887095
0.068801708593552
0.065272270808625
0.0665251171694
0.066633495117432
0.082562176373449
0.064779080907018
0.066031266842376
0.066284445332827
0.09437859382622
0.092789043773607
0.089700898113288
0.084784082618891
0.079068816887952
0.076023775680144
0.075062573825073
0.085989703498641
0.080629870709924
0.082180326203761
0.078670020713717
0.079520295164319
0.076493235027568
0.076319296007396
0.075819055347272
0.07422799905833
0.074251028917432
0.074367014515844
0.075261456960382
0.073795676344114
0.072395864789928
0.072712476792719
0.070006574812613
0.063125827169969
0.074454009204843
0.07063139014832
0.064645786505654
0.052319413248012
0.074679995973296
0.057224489423906
0.081177854288551
0.075389731092686
0.076365809678335
0.06123100547577
0.069425811929694
0.086330980624989
0.08797408141791
0.085927714028055
0.081822469344183
0.078169793026059
0.083361498747151
0.080644399226521
0.071248578855517
0.080335844430159
0.076392556335186
0.078550933403552
0.068671126829469
0.077974829384564
0.073292291035826
0.065004482810997
0.075795678275175
0.070612642411302
0.079760168310692
0.064350913310777
0.073965440477472
0.069068493695052
0.087102457237424
0.084193565558034
0.082831132151641
0.082243372163066
0.08085369184567
0.075734486518343
0.073539478207221
0.087090077524544
0.084038007143039
0.083399346276211
0.082871367248751
0.079412272319063
0.077333633765594
0.077001863737859
0.080306238866482
0.077607930974514
0.072243528347136
0.080397465816751
0.073447419007183
0.069499638666396
0.069097793653629
0.083342469363223
0.080770705786015
0.080235363802773
0.082021997536943
0.07590974419782
0.073110675698797
0.072957754518672
0.070292603273483
0.068028660072621
0.071099113832896
0.082060651872285
0.068817185490429
0.066299415736608
0.068667286516516
0.066542815835315
0.064284383061769
0.067543143497086
0.083858720764295
0.066208656397627
0.063985243312858
0.066271057404971
0.089583163074225
0.087300051764451
0.084264846543096
0.086319286564135
0.081652896941006
--
